(
    p1x: -0.5425919285874841,
    p1y: 0.01921516434013526,
    a: 1.4268415011951205,
    l1: 92.36178892181132,
    l2: 34.98276029834271,
    l3: 69.49410665403894,
    l4: 60.71080408110445,
    l5: 79.5982780824891,
    g: 5.556797051628928,
    stat: c2b1,
)