(
    p1x: -59.32261810909493,
    p1y: 0.16716437159211495,
    a: 0.7395199832160853,
    l1: 72.58823550691189,
    l2: 27.984249230560902,
    l3: 71.32419809568502,
    l4: 97.30810055952384,
    l5: 66.29731361312598,
    g: 1.3087215411612916,
    stat: c2b1,
)