(
    p1x: -87.65793149659861,
    p1y: 10.010182924180892,
    a: 0.14304424202364038,
    l1: 80.01837827116961,
    l2: 32.084168743091915,
    l3: 135.23471819858165,
    l4: 126.44076322367036,
    l5: 86.90282890976701,
    g: 1.2794481925475807,
    stat: c2b1,
)