(
    p1x: 180.54932420189283,
    p1y: 156.17415133834157,
    a: -1.80438731736112,
    l1: 245.2540772268854,
    l2: 40.8921003582055,
    l3: 198.6843001870531,
    l4: 244.16703515781552,
    l5: 184.13363451698217,
    g: 0.7634962209501612,
    stat: c2b1,
)